1
2
3
4
5
6
7
8
9
10
11
12
13
14
15
16
17
18
19
20
21
22
23
24
25
26
27
28
29
30
31
32
33
34
35
36
37
38
39
40
41
42
43
44
45
46
47
48
49
50
51
52
53
54
55
56
57
58
59
60
61
62
63
64
65
66
67
68
69
70
71
72
73
74
75
76
77
78
79
80
81
82
83
84
85
86
87
88
89
90
91
92
93
94
95
96
97
98
99
100
101
102
103
104
105
106
107
108
109
110
111
112
113
114
115
116
117
118
119
120
121
122
123
124
125
126
127
128
129
130
131
132
133
134
135
136
137
138
139
140
141
142
143
144
145
146
147
148
149
150
151
152
153
154
155
156
157
158
159
160
161
162
163
164
165
166
167
168
169
170
171
172
173
174
175
176
177
178
179
180
181
182
183
184
185
186
187
188
189
190
191
192
193
194
195
196
197
198
199
200
201
202
203
204
205
206
207
208
209
210
211
212
213
214
215
216
217
218
219
220
221
222
223
224
225
226
227
228
229
230
231
232
233
234
235
236
237
238
239
240
241
242
243
244
245
246
247
248
249
250
251
252
253
254
255
256
257
258
259
260
261
262
263
264
265
266
267
268
269
270
271
272
273
274
275
276
277
278
279
280
281
282
283
284
285
286
287
288
289
290
291
292
293
294
295
296
297
298
299
300
301
302
303
304
305
306
307
308
309
310
311
312
313
314
315
316 8sjj_A0A023T695_322
317
318
319 8sjj_A0A023T695_322 8sjj_A0A023T695_323 8sjj_A0A023T695_326
320 8sjj_A0A023T695_322 8sjj_A0A023T695_326
321
322 8sjj_A0A023T695_316 8sjj_A0A023T695_319 8sjj_A0A023T695_320
323 8sjj_A0A023T695_319 8sjj_A0A023T695_326 8sjj_A0A023T695_329
324
325
326 8sjj_A0A023T695_319 8sjj_A0A023T695_320 8sjj_A0A023T695_323 8sjj_A0A023T695_330
327 8sjj_A0A023T695_329 8sjj_A0A023T695_330 8sjj_A0A023T695_333
328
329 8sjj_A0A023T695_323 8sjj_A0A023T695_327
330 8sjj_A0A023T695_326 8sjj_A0A023T695_327 8sjj_A0A023T695_330 8sjj_A0A023T695_333
331 8sjj_A0A023T695_333
332
333 8sjj_A0A023T695_327 8sjj_A0A023T695_330 8sjj_A0A023T695_331 8sjj_A0A023T695_334
334 8sjj_A0A023T695_333 8sjj_A0A023T695_337
335
336
337 8sjj_A0A023T695_334 8sjj_A0A023T695_338
338 8sjj_A0A023T695_337 8sjj_A0A023T695_340 8sjj_A0A023T695_341 8sjj_A0A023T695_344
339
340 8sjj_A0A023T695_338
341 8sjj_A0A023T695_338 8sjj_A0A023T695_341 8sjj_A0A023T695_344
342 8sjj_A0A023T695_344
343
344 8sjj_A0A023T695_338 8sjj_A0A023T695_341 8sjj_A0A023T695_342 8sjj_A0A023T695_345
345 8sjj_A0A023T695_344 8sjj_A0A023T695_345 8sjj_A0A023T695_348
346
347
348 8sjj_A0A023T695_345 8sjj_A0A023T695_348 8sjj_A0A023T695_349
349 8sjj_A0A023T695_348 8sjj_A0A023T695_351 8sjj_A0A023T695_352 8sjj_A0A023T695_355
350
351 8sjj_A0A023T695_349
352 8sjj_A0A023T695_349 8sjj_A0A023T695_352 8sjj_A0A023T695_355
353 8sjj_A0A023T695_355
354
355 8sjj_A0A023T695_349 8sjj_A0A023T695_352 8sjj_A0A023T695_353 8sjj_A0A023T695_356
356 8sjj_A0A023T695_355 8sjj_A0A023T695_356 8sjj_A0A023T695_359
357 8sjj_A0A023T695_359
358
359 8sjj_A0A023T695_356 8sjj_A0A023T695_357 8sjj_A0A023T695_359 8sjj_A0A023T695_360 8sjj_A0A023T695_363
360 8sjj_A0A023T695_359 8sjj_A0A023T695_362 8sjj_A0A023T695_363 8sjj_A0A023T695_366
361
362 8sjj_A0A023T695_360
363 8sjj_A0A023T695_359 8sjj_A0A023T695_360 8sjj_A0A023T695_363 8sjj_A0A023T695_366
364 8sjj_A0A023T695_366
365
366 8sjj_A0A023T695_360 8sjj_A0A023T695_363 8sjj_A0A023T695_364 8sjj_A0A023T695_367
367 8sjj_A0A023T695_366 8sjj_A0A023T695_369 8sjj_A0A023T695_370 8sjj_A0A023T695_373
368 8sjj_A0A023T695_378
369 8sjj_A0A023T695_367
370 8sjj_A0A023T695_367 8sjj_A0A023T695_370 8sjj_A0A023T695_373
371 8sjj_A0A023T695_373
372 8sjj_A0A023T695_382
373 8sjj_A0A023T695_367 8sjj_A0A023T695_370 8sjj_A0A023T695_371 8sjj_A0A023T695_374
374 8sjj_A0A023T695_373 8sjj_A0A023T695_376 8sjj_A0A023T695_377 8sjj_A0A023T695_380
375
376 8sjj_A0A023T695_374 8sjj_A0A023T695_385 8sjj_A0A023T695_386 8sjj_A0A023T695_389
377 8sjj_A0A023T695_374 8sjj_A0A023T695_380
378 8sjj_A0A023T695_368 8sjj_A0A023T695_380
379 8sjj_A0A023T695_386
380 8sjj_A0A023T695_374 8sjj_A0A023T695_377 8sjj_A0A023T695_378 8sjj_A0A023T695_381 8sjj_A0A023T695_386 8sjj_A0A023T695_389
381 8sjj_A0A023T695_380 8sjj_A0A023T695_383 8sjj_A0A023T695_384 8sjj_A0A023T695_387
382 8sjj_A0A023T695_372
383 8sjj_A0A023T695_381 8sjj_A0A023T695_386 8sjj_A0A023T695_389
384 8sjj_A0A023T695_381 8sjj_A0A023T695_387 8sjj_A0A023T695_388 8sjj_A0A023T695_389 8sjj_A0A023T695_390
385 8sjj_A0A023T695_376 8sjj_A0A023T695_387 8sjj_A0A023T695_390
386 8sjj_A0A023T695_376 8sjj_A0A023T695_379 8sjj_A0A023T695_380 8sjj_A0A023T695_383
387 8sjj_A0A023T695_381 8sjj_A0A023T695_384 8sjj_A0A023T695_385 8sjj_A0A023T695_388
388 8sjj_A0A023T695_384 8sjj_A0A023T695_387
389 8sjj_A0A023T695_376 8sjj_A0A023T695_380 8sjj_A0A023T695_383 8sjj_A0A023T695_384
390 8sjj_A0A023T695_384 8sjj_A0A023T695_385
