1
2
3
4
5
6
7
8
9
10
11
12
13
14
15
16
17
18
19
20
21
22
23
24
25
26
27
28
29
30
31
32
33
34
35
36
37
38
39
40
41
42
43
44
45
46
47
48
49
50
51
52
53
54
55
56
57
58
59
60
61
62
63
64
65
66
67
68
69
70
71
72
73
74
75
76
77
78
79
80
81
82
83
84
85
86
87
88
89
90
91
92
93
94
95
96
97
98
99
100
101
102
103
104
105
106
107
108
109
110
111
112
113
114
115
116
117
118
119
120
121
122
123
124
125
126
127
128
129
130
131
132
133
134
135
136
137
138
139
140
141
142
143
144
145
146
147
148
149
150
151
152
153
154
155
156
157
158
159
160
161
162
163
164
165
166
167
168
169
170
171
172
173
174
175
176
177
178
179
180
181
182
183 7xjj_P47211_230 7xjj_P47211_231 7xjj_P47211_233 7xjj_P47211_235 7xjj_P47211_237 7xjj_P47211_238 7xjj_P47211_264 7xjj_P62873_320
184 7xjj_P47211_220 7xjj_P47211_221 7xjj_P47211_264
185 7xjj_P47211_140 7xjj_P47211_220 7xjj_P59768_34
186 7xjj_P47211_137 7xjj_P47211_140 7xjj_P47211_226 7xjj_P47211_227 7xjj_P47211_230 7xjj_P47211_231 7xjj_P47211_241
187 7xjj_A0A1W2PP38_196 7xjj_P47211_237 7xjj_P47211_238 7xjj_P47211_241
188
189 7xjj_P47211_136 7xjj_P47211_137 7xjj_P47211_140 7xjj_P47211_141
190 7xjj_A0A1W2PP38_195 7xjj_A0A1W2PP38_196 7xjj_P47211_137 7xjj_P47211_227 7xjj_P47211_241 7xjj_P47211_244 7xjj_P47211_245
191 7xjj_A0A1W2PP38_196 7xjj_P47211_308 7xjj_P47211_309 7xjj_P47211_316
192 7xjj_P47211_68 7xjj_P47211_70 7xjj_P47211_309
193 7xjj_P47211_70 7xjj_P47211_132 7xjj_P47211_133 7xjj_P47211_136 7xjj_P47211_137
194 7xjj_P47211_70 7xjj_P47211_133 7xjj_P47211_307 7xjj_P47211_308 7xjj_P47211_309 7xjj_P47211_310
195 7xjj_A0A1W2PP38_190 7xjj_P47211_133 7xjj_P47211_137 7xjj_P47211_244 7xjj_P47211_245 7xjj_P47211_248 7xjj_P47211_249 7xjj_P47211_307
196 7xjj_A0A1W2PP38_187 7xjj_A0A1W2PP38_190 7xjj_A0A1W2PP38_191 7xjj_P47211_241 7xjj_P47211_244 7xjj_P47211_245 7xjj_P47211_248 7xjj_P47211_307 7xjj_P47211_308
