1
2
3
4
5
6
7
8
9
10
11
12
13
14
15
16
17
18
19
20
21
22
23
24
25
26
27
28
29
30
31
32
33
34
35
36
37
38
39
40
41
42
43
44
45
46
47
48
49
50
51
52
53
54
55
56
57
58
59
60
61
62
63
64
65
66
67
68
69
70
71
72
73
74
75
76
77
78
79
80
81
82
83
84
85
86
87
88
89
90
91
92
93
94
95
96
97
98
99
100
101
102
103
104
105
106
107
108
109
110
111
112
113
114
115
116
117
118
119
120
121
122
123
124
125
126
127
128
129
130
131 8iqm_Q07820_231 8iqm_Q07820_234 8iqm_Q07820_235 8iqm_Q07820_249
132 8iqm_Q07820_249 8iqm_Q07820_250 8iqm_Q07820_252 8iqm_Q07820_253 8iqm_Q07820_255
133
134 8iqm_Q07820_227 8iqm_Q07820_231
135 8iqm_Q07820_231 8iqm_Q07820_249 8iqm_Q07820_253 8iqm_Q07820_263 8iqm_Q07820_266 8iqm_Q07820_267 8iqm_Q07820_270
136 8iqm_Q07820_253 8iqm_Q07820_256 8iqm_Q07820_263
137
138 8iqm_Q07820_220 8iqm_Q07820_224 8iqm_Q07820_227 8iqm_Q07820_266
139 8iqm_Q07820_253 8iqm_Q07820_260 8iqm_Q07820_262 8iqm_Q07820_263 8iqm_Q07820_265 8iqm_Q07820_266
140
141 8iqm_Q07820_223 8iqm_Q07820_224
142 8iqm_Q07820_220 8iqm_Q07820_223 8iqm_Q07820_262 8iqm_Q07820_265 8iqm_Q07820_266
143 8iqm_Q07820_260 8iqm_Q07820_262
144
145 8iqm_Q07820_223
